123456
123456789
111111
123123
000000
5201314
12345678
11111111
123321
1234567
7758521
123123123
1314520
666666
00000000
888888
1234567890
654321
88888888
147258369
112233
123654
5211314
520520
987654321
7758258
1111111
147258
100200
110110
12345
121212
789456
222222
999999
1111111111
159357
1314521
789456123
1234
555555
159753
521521
333333
111111111
456123
31415926
123000
456852
456789
11223344
201314
0000000
111222
5201314520
778899
123456123
321321
0000000000
753951
110120
584520
741852963
147852
101010
123654789
7777777
12301230
5845201314
123789
987654
520520520
0123456789
123698745
1234560
789789
25257758
7758520
369369
963852741
12341234
963852
5845211314
1111
741852
666888
102030
951753
999999999
456456
168168
1230123
211314
110110110
131421
336699
123456987
0123456
134679
3344520
111222333
123321123
777777
11112222
321654
120120
010203
147852369
7788521
369258147
12345678910
110119
258258
131420
12121212
12344321
135792468
1233211234567
5841314520
1357924680
123456123456
135246
000000000
584521
521521521
135790
251314
9958123
9876543210
444444
314159
87654321
321321321
258369
22222222
709394
66666666
518518
520530
721521
12369874
12345600
3344521
888999
111000
110120119
654123
147369
147896325
852456
0000
123456789123
20082008
521125
142536
584131421
124578
11111
369258
159951
121314
100200300
555666
232323
25251325
7895123
7654321
000111
131313
1310613106
159159
7894561230
1234567890123
521314
123456654321
520123
20080808
007007
000123
74108520
123520
5203344
1234554321
119119
585858
7708801314520
584131420
77585210
110120130
123457
1230456
1314520520
321654987
888666
147147
1123581321
99999999
1234566
112233445566
13145200
112358
112421
55555555
123789456
5213344
222333
12345678900
520025
564335
123465
1122334455
584201314
1234568
445566
333666
134679852
911911
246810
7225139
1234569
7758521521
789123
010101
1231230
13141314
33333333
5841314521
565656
530333
555888
321456
1111111111111111
1234567899
14789632
258456
686868
666999
1314159
235689
369852
181818
212121
1314258
989898
1234561
12345679
787878
332211
131131
52013140
122333
456456456
770880
234567
3838438
0987654321
1122334
198611
121121
456321
5201314123
753159
2597758
168888
602602
74107410
999888
198612
7758991
12312300
123987
898989
012345
85208520
1478963
123456000
0000001
980099
198511
1236987
789987
7788520
123123456
777888
123369
100100
1233210
5205201314
2525775
110112
198512
321123
198411
000001
2008520085
998877
123123123123
741741
77777777
252525
456654
789789789
112112
198410
131425
19861010
10101010
52013145201314
556688
223344
456789123
1111112
52013141314
2008168
110119120
9638527410
1234567891
987456
696969
1472583690
520131
111112
2222222
19861015
520131400
112211
163163
19841010
202020
20080530
130130
369369369
34416912
001001
963963
789654
167669123
987987
2587758
19861020
198610
19830122
7788250
1234512345
667788
1984106
5121314
6543210
198412
00000
963258
987456321
668899
369963
125125
11111111111
225588
584211314
456258
16897168
8888888888
5555555
19851010
556677
7215217758991
123258
123456789123456
789632145
126126
01230123
77585211314
123567
19841020
100000
125521
1010110
19861016
131415
44444444
19861212
141414
7788414
1029384756
654654
11111111111111111111
789654123
635241
159357456
1234321
198712
19861012
19861120
623623623
315315
19841025
11235813
996633
19861023
357159
811009
258963
198510
888168
19861026
19861210
962464
123521
151515
131452
1212
159632
200888
19861024
363636
198711
19861225
19861021
8899174
520521
521000
198311
8888888
19861025
123698741
3141592653
098765
19861011
19841024
19841015
142857
123147
808080
19851025
001122
123456798
19851225
369852147
19851120
110011
19491001
19861123
19871010
850726
415263
19861216
868686
18881888
198312
19861220
51201314
19851020
19851015
123455
19841026
19841016
158158
19861125
123321123321
19851212
19861018
19841023
19861022
19861218
19861121
19871020
0564335
198211
19861226
5211314521
567890
119911
1230
19861013
775852100
456123789
19861028
16899168
963258741
161616
13579246810
852963
123456321
794613
19851215
19841018
123458
710616
19841012
454545
134679258
19881010
19871023
19841022
518888
19841021
19861215
12332100
19841011
19871024
199771
123412
19851216
19861124
19851024
132456
19841028
1887415157
168168168
19861126
19851210
1314
119110
111888
198212
19851023
19871025
5555555555
19861128
19861029
12312312
19861224
135135
259758
784512
3333333
11223300
19841027
19871012
55555
19861014
19861122
1415926
299792458
19871026
123888
84131421
19861017
52001314
23456789
7758521123
778878
19861027
8008208820
19861228
19851123
19841001
19841029
741258
19841017
159753456
19861030
895623
19841014
19851016
19851220
159753123
19851012
852852
19861214
19851125
19841013
19871015
19861213
909090
19881212
66668888
19861127
332335
323232
00112233
171717
19871212
111333
123321456
19851011
19871016
1231512315
159159159
51392010
19871225
2582587758
19871120
19871021
19861217
198210
19861223
8675309
19861986
19861019
19871028
19861211
19851026
19861129
120120120
333888
19851211
13145210
10203040
19851218
123654987
159263
19841019
123456520
12131415
19881020
19871125
19831010
147741
198811
19851230
169035385
19851021
19851022
19841212
19861001
19851224
19851028
123456789000
19851124
123450
19851127
19871011
258258258
19851030
138138
191919
198011
123456456
19821020
8888
7814790
6666666
19851126
77585211
19851217
262626
19851121
198310
159357258
19851018
19871027
19861206
19851029
200808
1212123
19851213
3141592654
19861221
2222222222
512512
19871018
70562868
19871022
19871210
999666
19871029
19861219
19881025
123666
16859898
19851013
198710
7418529630
0000000000000000
19871124
19861110
10203
19871013
19851214
383838
13800138000
090909
19821010
19851017
19841120
11221122
19870101
525252
19860214
19851128
19881225
19861112
1231231
19871123
19851122
19881210
19851014
123454321
1232123
200000
19861116
1004
1213141516
12300123
19871127
19851019
2008
918918
852741
53231323
55667788
841025
19881018
19861111
520134
19891020
19861106
19871122
19870214
19881024
19881012
333666999
153624
1357913579
1596321
19861102
456987
19881026
19871121
19851221
198812
023426
741258963
19871126
19851001
114477
111111111111
131415926
19871017
19851226
19851219
123456654
213213
19881015
159357123
821010
19861105
13579
19891010
123333
19881218
7758258520
118118
741963
19881028
19851228
19871215
19851223
541788
19861118
19861227
19851985
19841984
19871987
19861205
19871014
19881022
521520
19831210
19861002
19871213
19871128
19861103
3155530
789852
885522
19861115
19821982
19871218
19881013
334455
4561230
13572468
19871001
19831015
19860202
1987123
19881215
10231023
19861114
19860101
19851027
1314520123
19871224
19881120
78963214
19861113
19861208
19861209
19831020
282828
19871030
19831120
19861204
020202
821128
20092009
19871226
001002
198111
19841124
19871220
19841123
013579
19851118
128128
19860926
9999999
19871019
19831225
19841002
19881016
19871216
19851205
19861119
1231234
19861005
811231
19870623
6717171
19851115
19861201
19861006
777888999
19841210
110112119
666333
000123000
19831212
19851129
258852
19861108
19881021
19881011
841023
19841225
01020304
00123456
19861203
19871214
192837465
19861230
19881124
19881023
19851112
0147258369
77585217758521
19831013
19881001
886886
55665566
19841006
19881220
5201314789
19881125
19841125
19871228
841010
345678
19831123
007008
19851227
19870201
080808
987412365
19831025
19861117
1122
19851111
19870212
19871221
515151
19881123
198688
1212121
636363
7788945
19841224
19841008
520999
521168
19871129
1314920
19881121
19841121
19861101
1392010
516888
19871217
198911
7417417474741
19861229
841012
13131313
784533
19871211
19861222
52013145
821026
2345678
234234
19831024
110220330
758521
19861008
303030
19841005
841024
987321
888888888
19891016
19821018
19870825
19881213
132132
19851203
19831023
52105210
1598753
821016
19881014
19861003
19881126
19881224
156324
841020
9999999999
123459
19881128
19861104
16899199
123698
841026
19870620
404098962
19870202
101101
19891023
19851117
19851229
19870815
19871223
1226
841015
19851113
19851102
740413
19851110
19891025
88889999
541881452
19841030
19881214
135781012
12345677
821025
19851116
7758258123
19870624
147896321
841028
19851005
198012
19881122
19881029
19871102
19841215
54181452
19881216
19861202
821015
19851208
820820
8464009
112200
111999
19841004
198110
19851105
19881226
841022
1234560123
821028
147963
19841127
19891015
123456788
353535
198686
198112
250250
000999
147147147
123456789987
19841213
19831021
19821025
19861109
19821023
1986123
19891012
19831983
5757124
19851202
19821215
19841122
19881017
113113
5131421
1949101
520000
19841226
12345687
01234567
19891225
19871219
19831220
821023
7896321
19860815
656565
19870628
19831124
19851201
19870625
19831011
528528
124578963
19851206
19841220
19841129
110220
851123
19831016
821020
821018
19831026
521241
19821024
19841126
19831018
666777
19831121
12345688
102102
19891026
12345689
19841128
1457521
841016
969696
19851002
19821026
19821212
19881228
1215225
19821225
19881019
19860923
19861004
145236
19821028
19850101
523523
19821022
851023
246437
19831215
851120
19841003
19871112
19851114
19851103
841011
19861207
19891212
19841218
951357
19861107
821022
19881211
198788
14789633
123123321
19891021
19841230
19851119
851210
775885
19880214
20062006
123963
19831022
19831028
19881030
131400
19891024
851125
520888
123156
1123456
2121241
19861009
13145201314520
19881217
19821015
19880808
19870618
123456789123456789
198200
19871227
841027
258147
19851006
19891120
198600
6666666666
444555
543210
19870210
19831001
858585
19860215
111213
998998
821221
20052005
19891123
19881221
520110
19881027
136136
0932313
66778899
821012
841029
52571314
111666
13143344
123110
878787
841013
19851101
19871111
19851204
19870612
19860206
19841211
1314521521
198622
19870615
19870621
19870606
19851207
851010
7007
2582525775
19821122
811023
12312
821024
19871115
314159265
841021
19891028
19881129
19831012
001002003
1212112
19841228
19871103
19870626
19821019
19871002
19841214
19840101
19821012
821019
114114
19851209
19821016
821120
19821120
19871110
19850214
19841009
123456780
19871114
19851108
19841216
198761
19871117
19831125
198912
132465798
19870102
618618
741236985
19860126
821225
831025
851212
19841102
12345612
841018
811025
19891013
19860925
19831216
821021
135791
3333333333
19870203
116688
19831226
19851003
19841007
19871201
19881223
19860210
19881111
19891014
19841130
52013143344
19851222
19891129
19871118
19881127
214214
19891210
19881112
00001111
226688
258000
2010000
19860910
19851106
312312
19860213
98765432
198787
198699
19870601
19861231
19851008
19831224
851020
5131420
19841219
19871116
77889900
3981024
19841101
198621
333333333
198810
141421
123546
4444444
19891224
19891011
19870629
19831014
19861007
851025
001234
19871205
797979
911119
19831126
811225
821027
321000
821212
19841227
132465
131452000
800800
775852
654987
851225
19870622
19821210
19841221
200884
19870124
999000
19840214
19870828
1111122222
112113
19880101
133133
19881116
19831128
789123456
19860826
115599
19871206
19821021
19870619
811028
19831217
19860306
821228
987123
19860123
801225
19821013
19841105
0054444944
821017
801123
19891125
19871101
19891018
19860912
1234565
52013141
19860808
19851104
123852
801212
1230321
320320
19841223
19891017
19860228
19831017
200200
19870616
12345611
1122330
0101001
19860606
821011
19891124
19871005
19891022
520184
19891027
19841217
19881219
821123
665544
52331314
821218
19871229
1231231230
811026
19870611
19870215
19891215
19821001
19821218
851016
811018
831010
19850815
520131488
821216
301415926
19870228
851024
19860927
19830214
25897758
19860312
3396815
19860212
198500
19870617
811228
19871106
851215
19891226
821125
19870808
192837
198766
19870613
12356789
811024
19871202
19881115
851012
333222
19860201
19821216
123451
19880202
1314512
19860203
19881227
19831027
19870614
19841205
19841104
861120
821215
222777
1986520
851230
19891030
19870627
198010
19841103
334421
19821011
791010
19870206
821013
19881118
520333
19821027
1346798520
851127
19870820
19851109
19841201
19891216
19871006
19860928
198588
77585201314
19891218
19870216
19870829
131488
851124
801020
19841108
19831122
112300
851126
19841112
861020
19870610
19860816
890629
19891029
19870909
19860218
19870923
19821220
123111
102938
123159
19871105
19891213
19881208
19860315
19851007
19871119
19891121
19881113
19891220
19821030
510520
19860909
861023
19881205
19860820
19831219
19871113
19860922
19860911
19860216
794613852
19871008
831026
19891126
19831103
19841206
19851107
19821017
852123
19870205
19821014
668668
19831213
19831106
32103210
861025
19831223
19831214
517517
201201
19871104
821226
19891110
19841208
19871208
801125
313131
23232323
19881130
19871204
19831111
19831211
123150
851213
841017
821126
246800
851218
851015
19870707
831225
19870901
851026
19891019
19860102
19851004
19831108
19831230
19871003
19860520
19801980
811014
19870821
19871203
19881206
1987520
19831228
198722
162534
821210
19871108
19860310
821124
365490521
19831112
821029
19831218
19881110
19870218
831024
831124
1314179
831015
19891127
19870125
19870603
198400
198521
841120
19860301
19841229
851216
198623
841014
19831129
541888
272727
19831029
19821029
19881114
19860916
831020
5488142
861024
19870602
861125
74511940
530530
198721
19841111
119119119
851220
77777
19841114
19821230
19891228
198625
123654123
19831113
19821125
861126
19891128
19831227
811226
516516
318318
302010
222888
11231123
19871222
851021
19870910
198282
19870801
19870306
19860211
198888
19821123
11110000
951951
19831118
821224
19860208
815815
222111
19860924
19871230
811016
19891214
122122
6230460
19891130
881122
210210
5418854188
19870824
19870120
520168
19860303
821014
801122
781225
19841110
19831110
851121
19870905
137900
831120
831126
19860318
851128
19870911
19870816
19850923
19891211
19841116
1475369
99887766
19870912
19860921
821121
4444
19860901
963369
20022002
19881117
19881002
19841118
1212121212
103103
19891122
19841113
851122
19831102
211211
19831127
861010
1564335
801010
19860806
505050
19841115
123012301230
19870925
19870312
19860920
00110011
19860320
19860103
851217
333999
841212
19870926
357951
19871004
19880215
19870915
198522
545454
19821226
19821224
19811981
19860801
19831221
19831206
852258
831123
19870129
19860219
831125
19841204
821220
811020
821122
19870609
331234
831215
19860914
19831019
811210
771122
242424
19880818
19890214
19871207
19860824
198517
19831115
19871107
530520
19881006
19860913
19831229
861210
19860313
987654123
811022
527527
19871007
811012
801217
19860220
147369258
198799
19860120
19841106
222222222
811021
831212
7410852963
526526
19860929
12342234
77582581314258
030303
2222
7758258258
861123
19831105
19870302
19851231
19881119
19860601
19881101
19870902
19821217
781025
818181
108108
224466
19851009
821030
7474741
19821127
111122
333444
117117
008008
831028
198421
19891219
831210
19870921
19870204
19860915
19881202
19850102
110123
19870126
19811010
19870315
19870913
19860124
19891223
19870822
258369147
19881102
841125
326326
19870207
19860616
851028
19870916
19860209
218218
841001
19891001
19860125
19881229
552200
5201314000
19870213
19870105
19860825
19831116
19821126
1233211
7451321
801205
521123
19870826
831023
19860620
1234567891234567
810810
520123456
19881988
781123
19880218
198781
19831208
861212
19860610
616161
19860818
821001
19870823
198618
811010
518518518
19841202
753951852
8802667
676767
25802580
198198
0123
19870310
821230
19880124
19830101
11251125
19881201
198651
19841117
198626
121718
19831205
19871209
19860217
19870208
19860814
19870914
46709394
19891114
19860906
19860612
19870608
19841107
841210
562059487
19860812
19870924
1230456789
19870217
791028
841129
19860204
19860105
19821211
19821128
12345670
821127
258741
19860302
19850926
19870211
198616
19821121
19891217
19831002
19870604
811027
127127
19850924
841019
13141516
19881222
19870818
19860714
19860205
198422
19821124
841225
821213
19860822
19860304
19821228
19841203
12131213
198585
678678
19831006
20072007
1223334444
19870325
19870110
791025
555555555
19841109
19850202
19870505
10241024
100001
19881005
124124
19881103
198488
851214
316316
19841119
513513
861124
19860316
19840925
1235789
851211
550618
362514
861225
851027
19860626
37213721
852369
139139
861121
851226
19891227
19870305
198677
116116
19881004
19831101
77582588
223366
19860118
861128
19880102
19870605
841124
19870501
19870316
213344
19870324
510510
19870219
19860326
19811020
889900
19870128
19831201
821129
19860115
198725
12365478
1000000
19881104
19860918
19850909
861022
821130
811029
198681
829475
801012
19831130
120110
95279527
200800
861218
19870106
19860623
841127
19861130
19860104
19831114
841126
19871109
88553255
861026
19870220
861015
198624
19860823
198288
841123
19870903
19831104
19891229
1987121
881212
198765
19860902
19821129
19870922
821217
851029
198822
19860108
666666666
198666
19860314
198615
19831005
19821209
12346789
12311231
831016
7777
851018
758258
19870920
198628
19860317
851129
19870906
19870320
831012
861215
5841201314
145632
12345677654321
770880520
831226
19890101
781226
310310
19870520
19860127
159123
811011
753951456
19860728
19840310
19870811
19870304
123569
801126
19860207
861028
19860625
791024
19870523
19821223
19821213
19870521
831018
811015
88886666
19881106
19870303
52101314
19881003
801120
19831117
19851130
78787878
19891230
12300000
58585858
19841207
861016
19881105
19860810
19850228
861228
19871009
19850124
19860521
19860129
801226
801215
19870103
19850921
52013148
198566
19880815
19880210
19850925
19821221
828282
56565656
19860821
781010
19870814
881025
19870827
19860511
19850928
142536789
781023
19880828
19860512
5201314159
19840202
3344179
19821219
831121
259695
19870209
841128
1985123
19850920
851011
336688
5845213344
19891118
19870810
801216
19870802
54321
19870401
19870107
19860416
19840928
851223
1478520
1010
851022
861012
7410852
19870917
19860305
602507
19850916
820214
19891221
19830815
831216
789520
19870812
781212
19860223
19870412
831011
19870327
19850215
801124
197812
516518
22223333
19870607
801108
520131420
198321
19821102
786786
19860811
19881008
19860615
19870512
19860329
19821002
19860917
19850325
831128
801218
19860106
19870524
19870927
19860903
19870918
19821130
182838
19850910
986532
841121
19870301
19821214
000000123
861018
19891112
19870104
831021
19880203
19870224
19841209
8686886
5201314584
246813579
831022
19840926
19860624
110112113
00000000000000000000
8812345
24682468
19840923
19881203
1986121
51211314
831129
851221
791026
22222
19850210
19831202
851224
19850105
19831109
851017
19811025
19880201
159456
060606
881020
19880219
12345654321
198762
19860523
19821229
861122
831230
861224
19870425
198691
19821208
781026
22446688
1314921
881010
801213
19860321
19831003
19870519
19870108
19860715
198526
19840927
19811023
19870928
831027
791125
19870326
19870123
861013
19860311
19850303
811227
801023
831013
811224
19860325
1357911
851228
520111
821211
123321456654
791023
626262
88888
888555
19831008
19831007
781218
19870817
19840815
333777
129129
801018
861213
831014
19870904
789963
19891116
19840102
19901010
19870127
19831207
821106
781028
19821008
831218
821219
19870728
19811028
19811024
19901025
19860107
1001
999888777
19870321
19860110
198671
19860309
01010101
31415926535
781024
334420
19881204
19870725
19801010
7412369
314314
19881108
147852963
811013
197811
5841314
821214
19860529
821223
123123000
19890102
19860128
19831119
198300
19821005
197911
851013
19880623
841218
831029
7758521000
623623
325325
19850911
333555
851219
19901028
19881230
19840608
112255
841122
791128
19871231
19870311
198425
811218
256256
19870805
19821112
19870115
19870109
19860515
19831107
19860510
10101
963741
830214
811216
000000000000000
19850726
801129
198613
19860707
19811026
1230000
831122
19870410
000888
19870721
1986114
19860919
19860813
821116
19870720
861011
19880306
19860505
19860327
19850315
811223
811017
19860513
19860401
811220
19860425
19850927
19821006
198599
19870813
19860410
19821103
110001
801028
791123
19870226
3367000
19870712
821205
19811021
95368452
861127
781120
19860618
19831209
861226
841230
52771314
831214
781020
19870701
811125
19850505
831127
311311
19821111
89898989
861220
19860524
1020304050
841006
811229
198561
851030
19870727
19791010
112233123
19850825
801128
525525
19840216
742141189
19860621
19840209
801025
800810
520131415
19880206
11259375
19870929
19881107
198619
19860725
801024
3333
19901020
19881209
115115
951753852
791120
19831004
11111112
19870416
801214
19880216
19861031
19860701
19870122
19860501
19811126
1236540
1122333
198627
19860819
19850820
861021
19850125
19891111
19860726
19860226
861216
1988121
198726
19850203
19850126
801026
198629
851019
19891115
19860415
19850205
19870723
123555
52013147
52013144
19820101
13145920
886688
666555
19870318
198633
1987521
19831203
841224
5271314
19870907
9999
001100
801121
198516
141242
518168
20102010
19860308
811118
1986521
831220
215215
19850302
811128
19811015
19870227
19850426
19850216
123580
801210
781210
19841222
19821108
156156
19860628
19850828
19821116
841216
198866
19891989
19880312
19860828
19821115
19811001
159874
123456789789
801224
769394
123456852
1988123
821007
20032003
19870328
19860506
19860712
198181
102030405060
841213
19870420
19860517
568568
19880105
19840929
831017
19880217
19871130
19860412
19850912
801127
19860328
19850219
19821205
871026
831224
5845131421
19870528
19840921
811019
801208
19891119
198791
19850922
811120
521999
58524519
19840924
12304560
801228
19870317
111110
791020
19870819
19850623
19821201
881024
19880212
19870511
198723
19820911
881225
871210
821105
259775
19881207
19880125
19870309
19891103
19860420
861029
821227
811217
19880213
19870710
19860613
841008
791018
19850915
198299
19881007
19860908
19860116
19811225
841228
20080101
19870421
19870225
19840920
132435
511511
19821202
19870116
19850628
198426
606060
522522
200100
19870405
19870504
19840916
861214
19891105
19870329
19850918
19880520
19860817
19860525
19840124
19821231
153153
19880108
19860722
74123698
19850929
881218
781215
19891002
871123
791022
78945612
781228
5261314
19880208
19880205
19850808
123098
10251025
871023
222555
198617
19870307
19840210
821005
741741741
19860724
19860518
198523
871025
860214
851206
831227
19891117
19870223
19860905
1236547890
5201413
19880120
19811018
881210
801220
800820
21212121
1234123
831228
19860528
19850824
19820214
123123456456
111223
19870714
19870121
811215
19860708
19860611
19860324
19840120
811126
19821110
19811016
851014
841226
821104
801015
198408
861014
369874125
213456
19880816
19850206
821103
7415963
19860502
19860109
951159
19860614
881026
588588
19870715
19850320
121000
19860713
198525
1111110
19870510
198696
19820910
19870415
19840201
811008
19840910
19830215
1020300
861219
791215
19840504
781012
19891208
19891204
19860904
19860802
19860411
841220
520131499
19860603
19850606
811213
4568520
781125
19860720
198524
19840909
19840205
19821101
821006
198910
19890206
198499
821102
20002000
19860718
987789
851112
781016
214767
820818
811123
198706
19850212
19821106
1236547
841002
19890120
198518
811001
19880106
19880909
19831204
19870806
19901024
19860408
19880126
19870919
881028
851208
841005
791214
774411
748596
464646
19850217
19811108
19880304
19850801
19891003
19870428
19870112
821002
19880211
19860224
767676
198751
198581
19821227
19860629
19860319
19830926
19821118
198661
19860723
19860721
19870506
198700
19860711
19891206
19891005
1987820
19871031
19870308
747474
19870529
841215
781015
20012001
19850601
19840918
19830917
19821204
19821004
0147896325
1415926535
781128
781126
781022
198715
19870518
19850823
19850120
19821003
19891205
19860809
831213
19870221
23456
19870319
1986119
19860719
19850620
198484
198322
888000
801223
19860225
821208
781124
19880303
19870402
19850612
19821104
821118
19880204
19840315
12211221
781220
19801031
19880606
19870517
19860622
19791979
861027
19860428
19850809
821229
821112
791126
521888
19890210
19850810
19831222
881125
851227
575757
19870908
198515
19831009
811212
5845203344
19850625
19840215
19811014
518918
19870314
19860322
820926
19870522
012345678
881012
19880220
19870718
19860605
33445566
19860122
19821105
19880521
19850310
19850213
19840208
19840206
19840125
771125
552211
19860402
19850610
16885885
851118
123589
861017
831208
831118
831217
52113140
19860421
19811212
861223
801016
678910
5021314
19901225
19890212
19880324
1986111
19860829
198577
19821206
811230
791225
19860522
19860508
19811226
194910
131452100
1236987450
851229
811109
19870113
1928374655
851115
811130
19811121
871125
831211
618816
19880601
19880315
19860406
19850312
19811012
13524524112
871024
861211
77587758
19891113
19880302
135789
19891106
19870525
19850525
19850515
620418
19870804
19860608
123456789987654321
56789
188452
19860516
19890213
19880405
881018
801219
628628
198899
987987987
5251314
198100
19870716
19870527
821109
19860805
198606
19850621
821202
19820202
198631
13145201314
198601
19860526
19860121
19850821
831223
369958
19860617
861112
19811123
343434
19890215
19831030
19811029
19850201
328328
19890202
19870807
911911911
831112
19870515
19850301
19850204
881120
19880103
198698
19860307
791212
1988520
881128
781029
19870722
19850103
851201
841211
801022
841206
19880901
198602
19840911
801230
476730751
871010
80238023
198314
19810625
184816
1010101010
821008
19850715
831116
19880512
19860423
19840913
851116
821108
19880310
19840211
801105
19891004
19821222
19811013
820828
19880926
19830925
51381
19880123
19860112
19840106
19850624
851205
620620
19860419
198571
159852
19891102
19891006
19890216
19850812
19850725
197912
147123
821115
881016
841130
831105
791129
220220
10201020
881213
881015
19880305
19840204
861217
861105
851102
5555
19880820
19821113
1987815
19850913
19850106
410410
19870705
19860716
19850220
19840824
841105
19860527
861129
19880415
19870526
19850901
19850805
831130
20042004
19880311
198614
19860710
811124
19880228
19870403
19860803
19841231
19840825
19811022
831019
821110
781129
19850722
19850721
19840203
8355333
811205
19821114
1987825
1986126
781122
19870118
1986
19860417
19841031
19820909
135799
19870726
19870322
19860113
19850123
19850115
831115
781216
19870516
19870114
19840312
831206
19860619
19850816
19821009
881023
831001
791127
198728
871314
850214
821101
791226
19891201
19880921
19850917
19811125
11001100
19880615
19870830
159789
221221
19880825
19860827
198401
3698741
19901022
19901018
19870630
19850218
820911
831106
519519
330330
19880318
19870803
19860418
19850108
518598
321456987
19870729
781018
60000
19891202
19870323
19850305
19840818
19870502
19850523
19811127
851209
198388
1987111
198418
19840828
801118
801112
19891101
19881009
19850626
821117
198399
198319
19830203
963214785
216216
123321000
19870711
198654
841007
831219
821113
741123
1987625
820815
811211
12345666
820123
19870703
198641
198635
147896
01233210
791021
111111111111111
821003
19870406
198632
198423
820520
19880425
19870417
19850723
19870719
19870426
19830923
19830213
1593572468
19840922
197711
841030
19890612
198724
19850110
625625
19870429
198528
820916
820712
19860221
19821119
811127
584334421
19860804
801021
19860907
19840506
19840303
791016
781014
198419
840214
2121521
19890218
19870130
1987
19860426
19870423
871225
19880122
198228
123890
963963963
19870513
113355
19870313
19820923
19811027
881022
19880810
19870119
19850225
19840110
369147
343608028
1985121
13145201
19901023
19880612
198716
5217758
257758
781121
313313
1986116
19850420
198718
19860414
19850510
19821203
19850618
19880621
19880128
19850826
19850712
1818918
19890203
19880624
19811210
19850520
12345671
19901011
19880813
19870411
820915
491001
19890909
19870717
19840912
502502
19891222
19890125
19870713
19850226
123400
851001
19901015
19880910
19840820
19811129
801013
456852123
19880625
19860227
19850521
145026
123568
8267221
520520123
19870422
19850603
881228
818818
771010
851106
821206
19880920
19880811
19840812
19811120
820923
811129
19860604
19850107
198466
761023
19881109
19880915
19850903
19840105
871120
851117
821107
781224
292929
19850104
19840901
19840625
871020
19880620
19850211
19840801
19860702
19860519
19651005
19891007
19860630
19850207
19840212
19811216
811002
333221
19811017
007007007
851203
19870117
11201120
198652
19860117
19840601
615615
19830910
172839
881215
831221
19860119
19840217
861221
0147852369
881226
567567
19880814
1986926
19860504
928928
831107
821004
19880801
19860405
19860114
19850501
19850416
19821007
820417
3820267
258468
19880715
19870503
19821117
0147258
85207410
19870427
19860729
112233456
11211121
881123
820517
720520
1989123
881216
19860609
811121
19870702
19850528
0147852
19891008
19850128
18181818
1597530
820918
820416
781118
771120
19880812
810928
791228
791029
19830920
881027
811221
801130
5843344521
19890205
19870418
198519
198428
19820920
771212
19880505
19850818
19850316
19830216
811219
19890217
19880923
781106
222666
861030
771129
412412
851113
820212
19880223
19860403
19850811
19850324
841102
821119
820920
19850121
820125
791013
19781978
871015
810929
19880326
19850707
19850622
19811215
098098
881013
810923
791208
595959
198701
19830921
14725836
77582580
19821031
19811122
801029
19870809
12301230123
811214
757575
19870408
19850627
19840915
198324
19840917
19840810
19840808
19840628
861118
820124
801116
19880209
123581321
801106
612612
19880225
198591
198326
173173
831205
198741
198687
198719
198415
19820918
791216
781127
19860503
19850306
198325
198222
023023
19880525
19850318
19840126
668866
19870111
198608
7777777777
19890719
11520
881220
861205
19901212
19901021
19860514
19860427
198513
19840213
19831231
19890302
19880127
781213
19891104
19850914
19830916
19811218
520240
199011
19880824
19880110
19860602
19891107
1987911
19840218
821222
19890815
198689
19850906
19840919
198199
198763
19850506
12101210
891023
820917
19890312
19880314
19850720
19820901
881224
19880320
19870708
19820912
19820815
13709394
861102
820826
745839
5843344520
518618
811208
801211
19880628
198609
19860323
801017
1987624
19821107
19820417
111555
19890325
19880207
19850329
19840725
19830924
19830909
19820928
19811124
19820926
77582587758258
19860422
19850902
861204
55240091
19890315
19890106
19880420
19870706
19850109
168000
112500
861001
19890310
19860717
19821109
19820828
999666333
851202
841004
821207
781013
393939
19890501
19881231
19880925
19850322
19880701
19830927
791012
52005200
198798
123001
791121
19880226
1987112
19850701
851111
810927
19891209
19880916
19880501
19820921
12251225
611611
19850415
19830915
871124
841223
19860706
198527
19850512
19850418
19830202
19840326
871126
841205
831113
781211
775521
9876543
861019
820910
791220
781021
19840902
122500
547896321
199012
19890201
198769
19880928
19850629
19840311
19840123
820315
19850328
19850314
791124
19850326
130130130
791122
223223
19830808
010203040506
871212
820126
801014
19880502
1987117
1986117
19830217
19811019
1986923
791102
19880104
198678
198213
19890204
19880927
851119
831008
271828
198481
070707
851002
881021
852741963
791218
19850905
198416
19840420
19840306
19840127
198818
19830928
168668
01234567890
801206
19870413
125800
841221
821203
791001
19850728
19830210
831114
830922
820816
810925
19880506
1986113
19850829
198471
198221
050505
77887788
19890211
19880922
19850127
98989898
801111
198713
19850714
19850608
198477
800829
19880129
1987626
19850122
203203
19891108
19840816
19840814
373737
203344
19880618
19880107
19870419
19850112
19840122
861227
771128
198417
19840207
110022
0123123
19860830
19850711
19850615
19811224
198768
198366
19880610
19840624
19830929
861110
820913
791015
19890929
19880524
19901012
19850208
1234567890123456
07170818
19850710
821209
781103
19880912
19880118
1986815
19860627
851103
19850716
19840715
19880924
19880523
12345678912
811122
19890920
19880301
816816
520131411
1987214
19870424
19860111
19830918
821201
19890521
19890209
19890105
198695
19851031
19840621
19840108
19811128
19880410
19850321
19840104
19830303
5211258
3345678
19880908
19880603
198764
198254
1234560000
11111111111111
861115
781108
871028
861206
198988
19890921
1987119
19870514
19840505
831229
19880622
19840914
19840526
851008
19901016
19880911
198717
19840826
19821207
820415
791027
19880918
19880316
19860404
791103
19850613
820428
801027
781001
198461
19840829
198361
841229
820418
421421
19890124
19880616
19870724
1986128
198586
811209
1986101
19850619
19840903
19840615
19820916
19890301
1986112
19850421
197810
9998877
820925
19880906
19840618
19820818
135565
821231
20082009
19890623
19811011
1357900
801221
19880321
19860429
19850417
880214
811106
77582581314
19840301
870214
800123
781208
301301
19870507
19850311
1984123
19840510
19830218
123012
851107
831005
820928
811007
781223
19880826
19801212
19880913
19850129
13243546
881121
831102
810926
616616
19901120
19840305
198266
110520
801011
19890303
810426
521131400
19880229
198383
871012
1987101
19860709
1983123
851204
19890108
1986214
841217
1987621
19850713
19840219
820909
781206
198714
19850502
19850221
1008611
19870414
1986118
19860607
19850307
19820925
19820125
19801120
16899052
16881688
871128
861103
831108
77885200
302302
19891109
19880905
19880412
198755
19870509
841214
19880802
19880115
19850813
19840501
19820903
5203344587
235235
19860413
19840606
831103
820825
198668
1985815
198502
811030
781102
19860409
19840302
19811227
959595
871022
851108
831109
22334455
198692
820715
19890923
19890304
138168
98188729
19850425
19850406
19850309
19850209
19840304
19820902
861113
820927
820216
198702
820821
198877
19830816
861104
19890624
19811228
101112
896861896861
881014
851109
831117
831110
52111314
199999
19850410
19840813
19830205
1982
820128
19880325
198261
13142659
123100
19860727
136524
831209
7424994
198777
198655
19850814
19850617
198216
19870709
19870508
19850822
19850724
19840906
19840129
830830
25252525
19890615
1987620
19840701
811003
19890812
000520
365365
19850412
19830912
19820927
12315123
861106
791210
5201314110
19891009
19880929
111100
8894580
791017
320323
1988
19811229
811005
626626
19860807
19840528
19801029
1123
851005
771226
19880722
810214
19850423
168861
801115
771123
613613
19840229
19830911
841227
811006
791011
514514
221133
198271
19811214
861229
861208
831006
19880121
1986125
19811030
831203
19901210
19890219
19880707
1986929
861116
790815
771020
1989121
851105
820413
810924
515253
19880411
1987721
19850323
19830312
19870704
198501
1984520
810916
232425
19890926
19880224
19840320
19891207
19890927
19850327
851114
830217
19880823
19870409
1986124
19850405
10011001
851207
3135134162
198796
326159487
198771
198598
19850304
841103
820102
19890820
19880518
1987622
838383
771225
521131
19860407
19850401
881126
841219
811206
789852123
1987828
19850518
159258357
1478523690
19890808
19880725
1986927
001314
821031
777493
771210
20080315
198456
871021
861203
841208
19880526
19880421
19870407
19830601
889988
811108
801103
800214
678675
19880528
19850411
19811106
000111222
820120
781209
781011
19850526
871213
821111
820228
771025
515515
19890606
19860330
198318
19820914
19801020
123234
1980
841106
1987615
19840324
19830311
19901215
19880919
19820416
830215
198821
19811105
881029
800815
781130
775201314
19890801
19880902
19820428
820515
781221
3456789
19880529
19880504
198727
19850319
012012
19880626
1987923
19850409
851003
1986911
19860530
19840707
19890910
19860705
19860222
19850919
781105
820921
19890228
801001
319319
19850807
801227
484848
198782
198491
19840412
1231
1230012300
98765
19880516
123564
820914
791223
19850529
19850317
197611
871029
860312
19891203
1234520
19880116
810918
19850827
19830901
19830818
19820203
19811213
19811002
141516
841108
791213
771219
19840612
198316
881214
881011
748748
19840103
19820913
963210
7215217758
19880408
1987127
19820102
1478963250
010010
850815
841003
831207
821009
820830
801102
362436
19880613
1986925
19850419
861002
6621382
19870404
19840623
19840410
19830612
916916
871121
5207788
19850313
19850224
861117
831003
1986816
19840626
19820922
19820418
19811102
1234567895
851110
781205
19901029
19811205
841009
1989119
19890919
19880614
861230
19890127
19860704
19860509
198541
19850413
19840520
19830922
821204
19901220
19850504
19840220
11111122
5566123
19890123
19840115
781111
1987115
198225
123456963
820823
820628
19890208
19850118
112345
821114
811202
5205301314
19880602
881129
76495551
19890601
198792
19811231
820912
820714
820625
820115
198693
198427
19840521
881221
861108
840310
791206
43420024
19880903
19880822
19880712
198000
881124
19880112
1986115
19830206
198218
811102
801019
2000
19880416
19830103
0123654
801201
781104
19850708
801107
771218
19890924
19850116
19820120
19811220
10121012
99999
790214
198642
19850729
19840107
871215
820924
800828
791230
811203
741230
200812
19890313
19840620
820424
810818
5841314920
19880309
19870330
19811221
19811217
811105
198891
19840904
19840515
851006
19890104
19880608
19880401
19850227
19820808
811201
731731
19880423
1986826
19840908
105105
771126
19900623
19890512
831002
19860507
19840327
19811230
801113
19850803
871011
19890103
198785
19850508
19830913
19820623
820101
801008
791130
820420
1989520
19850908
19850819
890890
198596
19840128
19820212
198682
881217
791014
19890816
19840516
801109
19880221
19820906
19820816
841116
1986920
820116
19880109
19840318
551188
1988111
1986921
19830906
198291
841112
820624
820122
200300
19850718
19830914
19830606
87110805
871013
851104
820812
800818
225566
22134
1986918
19850907
19850422
19820919
19880723
19880426
19850308
198328
19830201
159258
1231233
000123456
654654654
19901026
198531
861006
781019
19901027
19811209
159357159357
1235813
881017
881001
820922
791019
1986315
198520
228228
19840714
121800
801006
19840118
19820228
880818
840815
830216
820720
19890625
198685
19840821
19840228
19840109
159753852
1010101
830818
820919
820425
791205
781115
19880611
198732
19850609
979899
781027
19901017
198672
19840415
19830102
19811130
880615
45874587
324726
19880329
831201
820412
19901224
1987623
19860424
19850904
19850616
781204
198451
1984
197910
19890306
19880806
19880629
19880328
19840823
781217
781214
1987321
19840802
19820714
820119
7845120
1987125
19850719
19840405
19820929
131427
10041004
200811
1987126
198529
198424
830125
811116
19880510
19820412
851222
19840404
841203
820623
777999
212212
19880716
881219
871016
830926
630630
19890412
19890314
198861
198283
820813
801114
19890823
19880819
19830908
1314527
801104
791224
586586
19901030
19900220
19840811
198277
830815
820822
820618
820215
20202020
19880418
198729
19840720
198281
198123
841204
831104
19901019
19880319
19880308
198797
1987628
198756
123045
8879576
19880322
19830824
19890826
19860703
19850602
820620
19890401
19850113
19840116
19830120
753753
555222
198754
781219
19890620
198694
198562
19850408
19840314
19820822
121200
801117
19850516
781227
19880307
19820915
19820201
580231
19850817
19801225
135798
831101
811004
520510
200011
198786
198413
19820618
19820426
820426
727272
19880714
198645
19811103
121300
871218
19890822
19840316
198315
654789
333000
198826
19850802
19840817
820316
77778888
19890824
19850806
19850611
198215
860126
19870222
19830125
123124
840216
811112
800125
19890128
19850117
820411
6666
2002
1122334455667788
820824
322322
19901013
19840321
19820601
19870530
198603
19830310
19820905
9898998
861005
820210
2503687
19830123
791105
19891231
19890320
880815
831007
830218
781202
19840325
19830823
19830219
198251
131452088
124578369
19880721
198514
123999
841115
768594
19880917
19880607
19850114
19840512
19840329
19830810
00000000000
791219
19880728
19850513
198327
19830315
19820218
111123
870628
19890126
19890107
1986915
19840522
19811223
9874563210
810828
781230
19890811
112800
109109
860215
831119
790618
771215
771015
19890825
19880914
19880830
19830124
19820924
1593570
621621
4444444444
19890918
19890810
19890524
19840225
19820801
1472580
926926
831111
820929
820408
818283
810820
800128
19880522
19880114
19840616
19840524
601601
19880713
19830110
880210
841118
753357
19881031
1986127
198219
820829
820811
791203
19890818
1988112
19880327
198659
19840308
152535
820419
810910
801119
19830625
19820410
131456
781116
610610
19880317
19840723
000333
77585200
19890110
19890109
1987113
198506
19840905
19830721
159875321
830927
820213
198828
19880508
19830220
811031
718718
555556
19890525
19880829
19840309
19830211
198298
871014
820127
810815
801229
520131456
19890819
19890409
19890220
19890129
1986818
19850223
19840724
19830801
19820401
123151
781113
258147369
19880617
19820215
12348765
830219
19890829
19890326
19850511
19840711
19840525
19820413
19890827
1988118
198572
19840119
19830618
19811101
790623
771106
851130
830126
830123
19880323
19830919
19820606
12345789
0102030405
800920
781203
59201314
234561
19890523
198414
19830615
19820315
820610
770520
7374521
19880821
830129
781112
1987114
1986210
19830106
19820210
19801012
125125125
1155665
871224
19880404
19830814
19830621
19820423
19820421
168999
1313
111777
820810
791227
781201
198989
19890526
19880804
771206
1985115
19820823
19820809
19820625
871220
861114
841109
820721
761025
741023
5858588
19901014
820211
748159263
303303
19890925
811204
810618
789000
68686868
19890116
19880514
19840226
198241
19811211
88998899
871122
851101
420420
19880724
1984121
19820829
19880519
198709
198431
1314526
841209
19840629
19820917
1020
323323
198816
19850703
19850503
15935700
881223
841117
820118
810919
771121
5845131420
19890712
19880422
19840827
19840424
19820806
197612
123456789520
236236
19890321
1988125
19830903
1383838438
1235689
12345678901
850126
791112
19890916
19880513
19830302
19820208
860911
19820826
19820415
171819
871018
841104
1987118
198653
19830620
19830313
19820216
781109
19890626
19840319
1981
99998888
871027
861109
820421
820218
791217
31975319
1989111
1987612
198636
19850614
19840721
19830204
19811203
1023456
841110
19890316
1987818
19840518
19830306
19811115
820616
791111
619619
333123
19901216
19880805
19880729
19830813
19830701
791106
19890405
19890318
19880605
13879428
828828
82468246
569874123
19890510
106106
871211
19890802
19880720
1987916
19840523
198999
19890629
19890506
19890504
1988128
19880515
1987116
19850524
19850428
19830725
20070101
1989112
19890613
19840613
1225
19970701
19890420
198433
19840224
198188
1234563
1111111111111
19890913
19890813
1986924
19840822
19840704
19840328
198402
820326
771224
418418
19890915
19880428
198708
19850607
851007
820716
820621
810922
231231
1988124
19880417
19880402
19830301
830925
801204
1985111
19801015
871216
791108
19890928
1987618
19840728
19820303
19811201
197511
849222
830211
771216
1985
19801215
820906
19890311
1989
19840806
122112
810921
1986122
19840619
19831031
19820425
19820318
820626
19890415
198658
19840710
12597758
888777
850216
19890505
19890207
19801025
000000000000
870125
850923
20090101
19820812
19820721
19820106
159753258
123444
850924
7808995
778825
19890701
19880503
19830105
19830104
991220
881227
841113
790625
19801210
861209
861119
820611
801203
800816
791116
19880517
1987921
19820406
771208
535353
20060101
1990123
19890520
198819
198795
19830212
860924
850101
841101
198542
19830715
19820624
19820419
163163163
885201314
820518
19890516
19880726
19880710
1985119
19850522
2468123
19890706
1987817
19850727
19840414
19830610
168520
123579
831222
781231
75319753
516688
415415
2008123
198778
1987613
19801001
97531975
951236
830915
791211
19901217
19901121
1987629
19830714
19820825
820130
771118
19890814
1987915
19850604
115566
820513
19880527
19850424
19830930
19830820
830101
801110
800116
19880419
19870730
19830623
19820302
830210
198697
1986129
19840722
19840121
19810101
800216
19830812
111444
968574
242526
1986928
19850706
19830512
825825
791101
781207
19890922
198733
198595
19811219
811103
19890604
19840726
19820420
110101
84268426
820615
811207
791002
198825
198406
19840411
19811008
840101
646464
1987925
1987616
19840804
19840713
19840529
871228
861201
820612
820314
820217
791204
19901218
1988521
1987929
19850429
10221022
870624
850910
841107
820129
19880803
19840729
19840322
19830707
19820907
19811111
871127
781101
501501
19890119
198674
19840307
861003
826826
820110
801207
19890227
19890226
1988127
19880627
19880227
19850402
19820810
19753197
761028
19890725
19880718
820312
19901125
19890821
830923
654312
198851
1987919
1987812
19840610
19840130
19830629
19830520
820410
771028
19890324
19880702
1987926
19840712
1983
19820306
999111
820202
19880609
19811109
15858971
137137
841201
820723
19840418
19830208
19830207
19820820
830127
66666
19890406
19850414
820329
800118
19900101
19880711
19880708
1987129
198568
19850119
19820628
850828
19850519
19830228
19820427
861008
791229
19890912
19850605
19830619
19801018
851009
830213
820423
820318
780214
771220
520119
414141
333222111
19891031
198532
19811110
870623
781002
771127
219219
19890610
841207
820613
771018
19901221
19850527
929929
891011
88488848
830120
19890118
1987611
19850517
198486
19840809
198323
19830505
19820615
96321478
840926
830124
53197531
19820824
19811107
132333
861107
800929
78951230
19840614
19830316
19820620
871001
850122
820629
820422
19890806
19890305
1986910
19820217
014789
790916
19880313
19820821
19820525
19801016
820325
1989117
19890901
19830126
19820128
102300
830916
830820
771026
19901126
19890707
198592
19840421
19840317
19830626
19820204
19811112
811113
771213
1984111
198381
19801024
923923
810911
711711
69696969
19880827
19880511
19840227
19820404
19820209
168998
12151215
1002
2580
1988119
19880719
1987827
198582
198233
19820616
159369
102400
881230
840125
780915
19830902
19830323
811104
717171
5649335
19890112
19880817
1987124
19850702
19820129
811107
198683
19830418
19820505
19820402
19811104
12300
19890621
19890113
13145211
810816
791030
19890911
19890906
19890628
198432
19820621
12541254
850926
820320
781017
198808
19880705
19830826
19830628
19801218
123678
112244
830912
1986916
198587
198533
19840513
19830710
19830622
123007
886868
860923
820711
811101
19761976
121233
880216
820106
791009
741025
529529
19890307
19890115
19880907
19880604
198742
19840517
19840408
19830318
123456110
102500
622622
198567
881211
19901124
1987920
198498
19840602
12111211
19890616
19850705
19800101
860123
810920
52113145211314
19890410
198752
19830221
110120110
771211
761128
1986913
198429
19830326
820622
791231
780818
19890225
19880406
19810929
820526
820414
5201314888
19901123
19890328
19820904
19801228
1020304
771124
19901128
19840425
19830828
19820220
169169
820827
820121
790826
19830127
19820814
19811003
14141414
820819
810629
801222
790923
745210
521531
19840702
19830518
19820720
198128
19811204
881127
871226
820219
781117
771228
19890121
19880809
19880407
1987824
19840514
00000001
850215
830625
771016
333520
198758
19840508
19830525
19820819
19810923
188188
831204
198508
19850403
19840708
19820723
820726
771024
4646033
19901213
19890622
1986320
19840416
19820908
861222
860213
840110
416416
1985125
19840819
841119
791115
761024
19840907
19830905
861207
860210
840210
801202
330324
1988126
1987128
198555
1985112
198509
19850717
19840223
19820205
19820126
801101
790613
19830325
19801028
852963741
800120
594201314
1989115
19890721
19850509
19840719
198217
830929
820103
801002
775825800
56785678
1987122
19850709
19840527
19840221
19811208
197800
161718
12332112
112288
871129
820814
801030
19890726
198731
1986922
000007
850911
820310
600600
30624700
19830309
850916
19901122
1987823
19820127
881112
820319
300400
19890828
19890114
198391
12315
781008
19890817
1987821
1985117
19840807
19820124
860927
830911
820528
820203
810625
800825
751212
19840409
19830809
19811118
871017
851004
19830510
19820312
19810928
19781010
840928
840828
820427
1986912
19840428
19830321
0123654789
871217
820117
812812
680228
19830611
19820501
881118
860110
669988
19890223
19880117
19830209
850123
820224
781107
19890608
19850704
19840611
19830819
852147
801209
19840706
141592
951753456
860212
860124
820220
19890720
19830829
820725
820719
761212
33443344
19890914
1986110
198472
19840627
19830616
19820304
920920
850525
790615
19820813
198088
112212
871030
870626
850124
830128
791104
475869
19820725
19801026
112832
8923111
870612
19890511
198656
19840718
19801023
751225
301415
19890408
1987610
19840323
19830523
19830112
198231
19820711
123987456
880828
830924
791221
198871
198684
198563
19820422
881115
850219
781030
66886688
19840511
198371
19811206
159753159753
888520
881019
781005
771011
19850530
19830811
19820728
101213
820817
820713
810915
19890715
19830425
19820811
820808
19890618
19840622
000222
881206
860217
860216
810909
801231
771023
1987816
1986914
19830521
19820405
19820301
987456123
198578
198546
153426
761228
1987627
19850407
19811005
145254188
880520
780929
19850804
19830320
19820206
198800
19820103
19810926
10261026
860125
781119
781114
19890728
19880403
19830624
12231223
891026
801005
800315
19850427
19840607
791118
781229
594188
1985228
19830817
19830603
19830308
19820320
19801220
0932313520
870621
19840609
198226
8802616
830610
820311
19830712
841114
820728
780926
19890722
19890323
19880717
19830501
000666
861101
830917
820718
811222
007008009
881030
871019
830115
800927
800915
19890515
1987918
198551
123456789987654
113322
870815
830618
780504
771012
225225
1988115
1987619
19840423
19840313
19820326
19820316
995511
830313
830212
820525
810912
790816
19840112
19820510
159487
860612
781006
707070
19830711
198242
881116
860218
851231
840923
820406
52113141314
474747
19901226
19880904
198647
198351
19820713
19810927
12345678999
01470258
850218
823823
791113
19880330
1985126
840126
751010
19820802
112400
850612
19890122
19880424
19830708
19830305
198223
198214
19811031
11241124
881208
4567890
198918
19830723
125689
888518
810913
841222
830228
345345
19890619
19890602
19830825
19820219
12581258
123456789963
820903
811110
810826
77885210
761226
751025
19890413
1987826
870127
200820082008
1987927
19830822
19830513
19820712
19801128
830312
820619
413413
19840716
19801125
860815
860211
820226
820113
19901227
861007
860926
850927
830521
52013147758
840120
771227
426426
19901230
198657
19830118
19820722
19801123
820223
198823
198736
19820627
138000
840215
830520
824655
791201
790628
55556666
198964
19820715
19820622
19801230
880123
870615
860818
860616
791119
19820329
889966
8584523
831202
820114
52661314
19901228
198675
19830115
19801226
870613
840818
830910
830323
820305
810930
3415413
19890513
19890329
1988101
1987913
0887415157
870625
850620
520777
3692581470
1986820
19820414
784951623
771029
198455
19820325
1598741
111116
840824
820722
780912
531975319
19890425
198783
19840401
198313
19811114
880215
861111
800218
7410258
317317
19840717
19840605
870622
19890714
198639
19820105
830828
19890403
19880619
19880119
1985926
19820310
19820305
860315
65432100
633588
319753197
19901214
19890419
19890130
198329
19820322
881205
214365
19880130
1987822
121500
891025
870215
800928
226226
19880113
198362
12345699
830315
820205
2008520
19830417
1233214
921921
870828
820614
820108
801004
790824
761010
45454545
33333
19890807
19890703
19890411
198597
198409
19830108
860626
820324
811115
780923
761125
521478963
271314
19880507
198341
19830327
198202
19801122
841202
830110
810624
771217
1985127
19840603
19830109
1024
9988174
8807701314520
820510
19890614
19840111
780828
520131477
19890414
198794
19830412
19811116
135136
840312
771022
527725
331331
200212
19840114
17746052
891010
860101
820724
811111
791209
1988918
1985118
19820707
19820506
12300321
123000123
021021
880126
870629
860128
830928
820201
19890809
1987222
198644
19840604
19820403
19801121
12031203
115201314
102800
880419
860228
820617
811119
810520
19890418
19830324
979797
19890603
8975789757
850320
801007
790929
4742488
200511
19890609
19890529
19880414
198784
198767
19830401
19820108
19811004
820105
5215211314
19890723
1986222
19820827
19820308
19820113
19820110
19811202
135798642
870216
789321
198921
1988116
19820610
521333
19890428
19890322
1987924
1987922
198669
19850404
19840805
19830726
13898200685
850102
222000
19890426
19880111
19830713
19830129
19820407
19810214
10002000
880125
850820
830624
821821
800215
737373
20072008
1986525
19830116
19820619
790624
19890627
19830516
19801216
147258369123
123345
830816
810715
800812
19890611
1986120
19850507
19840519
19830405
198206
112112112
925925
871314520
870825
850925
840927
800213
790612
333111
19890805
19840507
19830410
19820612
19820608
135246789
811117
345699748
1988925
198558
19820626
518000
19890309
1985520
1984101
009009
850928
840925
820429
781110
463395727
198815
198536
198507
19820716
123210
110111
53542316
321234
19890904
1988117
198662
19840419
19830522
198208
19820109
131412
975319753
810615
612345
588888
198564
19840113
19830614
830620
820523
45683968
327327
217217
19890518
198735
19850330
9874123
840123
831231
830621
830316
810623
810312
329329
1987110
9632147
840911
198922
19820817
881130
850125
848484
830615
820512
820104
781031
33445200
1989116
19890317
198482
19840503
19840403
19830722
12121122
910910
850217
820905
19890416
1988129
19880409
19830223
870611
860920
830921
791109
791004
19890724
19850514
19840117
98765432100
800911
800228
791107
520131414
19820611
19820429
122800
100123
891024
831030
820321
810726
258789
19890713
19890710
19890605
198589
198496
138139
200211
19890423
19880727
1987120
820225
268268
19880222
198638
19830718
19820526
790101
19890319
198707
19840417
19820122
198121
159963
850920
810628
810611
801003
19890617
19820701
19820311
19801211
197610
12141214
830225
830122
820221
820112
791008
790823
423423
198462
861231
840213
820521
820303
790825
54185418
335577
1987917
1987210
9753197531
830629
456963
19890607
198745
19840703
19830806
19830528
19810909
886616
880218
871223
850624
831004
820527
810917
771108
511688
1986102
198505
009988
820317
813813
810825
810812
801009
771111
198126
860925
860912
850312
820206
741028
198966
19890907
1988911
19880704
1985116
198485
19820617
081620
000521
998866
880808
800811
19890528
19840406
1983520
19830716
19820705
197531975
10281028
830918
820516
753197531
33455432
19880703
1984119
12351235
830920
830116
800101
258758
19890424
1987910
19801127
19890224
19830613
860928
19890711
19830821
19830728
800112
771201
771013
720720
1987928
19830526
19820613
198118
19810920
135792
860120
850520
850213
820908
198977
1989521
19890221
1986824
1985920
19850111
19830803
19830506
198245
19820211
198022
159357852
780815
7758521520
1983121
19830416
19830121
850210
7418520
1990
19830422
19811222
19801116
840915
761225
198898
19820517
871112
870619
820529
753951456852
19890702
1988828
198789
197512
1258963
107107
820901
800211
53517230
1989126
19880413
19830307
19801124
123121
860220
850921
791222
761126
5858518
1987912
198125
19801011
12345698
891020
871110
840916
830414
830118
820209
800212
790315
198492
198286
19820324
871227
850922
820328
771221
19890903
19840617
198384
19830314
19820603
1112
800518
444888
198926
1987813
1987525
1985911
19820213
198122
871118
850823
810725
810610
800923
332526
19890905
19880429
19840426
19840402
19820411
198201
860311
850120
830516
820606
810212
654852
19840427
19811113
830612
800520
770812
19890117
198593
198916
19830719
19830107
19811009
125478
102600
870618
820327
761210
666888999
19890708
1983521314
19830304
870312
840929
831009
761208
198824
19890508
19801022
150150
861009
860826
860521
850228
840816
830914
820505
741010
728728
565758
19901127
19880706
1985129
19850222
19830517
19820328
14121412
850816
840918
840124
830919
830822
324324
1986825
123168
850919
830623
520258
19890527
1986312
198377
19801213
1235
800918
5201314999
19890804
198643
881108
850326
820405
520520520520
202202
19890718
19830724
198191
19801111
85201314
850515
840825
771001
19840429
19830602
10301030
9632587410
556600
444555666
19890917
19890402
1987914
1986711
198637
19830426
19820805
19811117
968968
2007
19890630
19890514
19880709
198574
19820719
030201
871113
830622
771119
1986528
19840709
1982123
870210
850918
790128
2009
19820804
197878
840623
761218
335201314
19830117
19820521
861004
820524
254256
19901990
198607
1985214
19820830
860316
1989101
19880427
1987228
1985916
19801223
13245768
19890522
1988122
198793
19830827
19820408
10211021
830813
810518
800127
751028
19890502
1987312
1986321
198569
19830128
19820518
830812
520886
199010
19890705
198605
198584
19830805
19830720
19830226
19801014
1234556
8888168
880212
871116
871102
860325
810723
771230
771205
771116
771021
19890421
198772
198648
121213
850818
840129
830416
790629
1987819
1986919
19830514
19830415
878888
810325
810218
791110
780906
771209
31663166
070809
881201
870911
820710
800225
198673
19830406
19810922
12345678911
122600
860412
840217
791117
790909
775533
751125
555999
198663
1985825
19830225
915915
860823
810829
800124
7788321
19880807
1986814
19830527
198302
123456789110
100859
840527
800312
751128
223311
19880509
1986813
197411
840624
790912
198576
0909
040506
860922
860520
840219
820519
771203
524524
20050101
1988923
1986714
19820321
19811007
881006
860909
860512
810823
791005
790926
751011
19890429
19890422
19820504
810914
790919
771204
198703
19860130
198495
19840502
198331
19830421
19830317
19830114
19820123
19801115
898600
880820
800115
790622
417417
1989129
19830504
19801013
831031
800226
761115
741147
1989114
19830627
19820104
860321
790621
761230
372100
1985918
198224
19820726
19820724
19810918
830518
715715
19890517
19830524
19801224
124563
951623
871115
1987614
1986512
19820523
197712
850623
850310
820627
810824
790619
19820512
781003
721721
1987728
198255
123223
860816
800912
7531975319
19901223
1985128
19840803
19830907
198171
166166
830712
830202
198981
1985921
198309
19820409
1213
121111
01470147
870211
860820
840921
830412
830112
800926
800219
800126
791006
791003
19820424
100861
880305
860725
1984114
870213
850613
780916
51885188
200616
19830608
198292
19820115
881106
871106
840128
840115
198858
19820309
810819
751218
52115211
369123
19890427
913913
870616
870219
810216
357357
245437
1986822
19820319
860921
5231314
1988818
198634
198296
19810925
14159265358
891123
871214
870925
860314
840924
624624
1989128
1988525
1987814
1987516
1985928
123045607890
850211
800925
800217
771214
761213
223388
19890519
19830420
19830224
19820118
122222
850812
830930
830113
810811
19900214
19890327
198881
198831
1986721
1986524
198565
19840407
19830503
19820710
19810921
810626
800618
5211314123
198342
870912
861202
860320
790813
45678
19840509
850929
850618
840315
830220
790812
7788251
486486
19901129
19830428
10000000
830523
1988214
1988113
19801126
001123
871208
830512
810326
880127
850825
830721
830628
820727
820306
810728
771027
520250
19911010
19830605
19820607
19820513
19801219
19801021
123467
871206
810813
810622
790216
780918
780101
7474974
37214728
1986811
19830130
178178
800919
800824
2020120
198833
1986106
841111
791202
771112
19830702
871005
19890704
860822
850826
850212
840211
830824
800916
790821
710710
1987315
19781218
197211
1233456
110120123
840520
830320
810822
780125
230230
19890716
1986725
19830515
1221
840212
19900501
19880530
198679
19830329
19820527
880217
830725
198961
19830113
198177
19811207
850627
850625
850128
830525
830206
819819
780215
19890902
198382
198301
19801017
880120
820107
58420184
1987528
19830802
19801118
891012
880824
870614
852852852
810711
780925
67896789
300300
19901229
19890729
198746
198604
19850730
19840422
198237
19820314
19811006
19781028
860310
850810
830510
820707
800910
19890308
1986523
1986420
110000
881007
871221
871205
860219
19890509
1986823
198308
19820702
1357902468
860913
860223
840826
830810
830224
800210
761018
19890803
19890503
19830717
19820729
112266
880124
850427
830425
810115
1989125
19890404
198868
198452
19830419
15975300
002002
912912
891016
850220
830130
771117
1988926
198317
19830429
19830409
19820528
123213
102030123
870620
860828
830823
800316
800229
411411
1989815
19890417
19840222
19830330
860116
820907
820204
771223
1987829
198396
19830502
120000
870627
860811
8520123
820323
7215211314
19830328
19820516
198018
111234
871105
871103
830121
820322
790818
1985621
888888889
870923
860206
830611
790925
198855
1988114
1987510
1986917
860122
830626
800616
790822
1989118
1985917
1983119
19830607
198161
19811119
10291029
860916
860623
820227
810808
790626
789512357
19830904
19810916
1975319753
19283746
860814
840127
770214
5319753197
338166
19911024
1985623
122100
1023
860127
830119
810612
800220
791207
781222
19901130
19830402
19820803
19820524
1978
131417
000168
881113
830318
800129
200810
1986216
198594
881203
870123
840812
830208
811114
771030
19911225
19900215
1985122
1984521
19801129
850917
850225
841231
31415927
1988921
1986828
1986213
1985923
1985124
19840727
19820520
830117
820501
810613
771017
761124
198896
1985114
198458
860824
850115
840625
830205
780628
771105
666111
320324
200512
19900203
1989122
1985927
1984214
198209
19791020
881202
870218
830526
7894561
555000
2468013579
1986526
198649
198352
19820629
19820609
891225
881117
871219
850112
800328
780928
200818
19901219
198407
110911
871117
870812
870122
830321
820401
820330
206206
19830617
976431
830619
830524
800830
791031
689689
1987617
1987420
10181018
001225
800612
790820
784536
7410
1986514
1985915
19820718
19791022
880521
840220
830221
810123
800223
751026
1985315
840820
840122
810621
761120
520120
200411
1987224
19830222
1357997531
12312345
112233445
891126
870124
861130
820930
800808
790118
7718811314521
761015
721520
210316
198454
19820116
125678
830415
810228
791114
19901112
1989828
1988623
198620
198355
198021
123456919
880825
830715
43214321
1985925
19840730
19830119
135135135
12161216
830722
800626
771102
751015
617617
19820327
19810901
850226
840622
830913
810219
800922
790218
19890908
1986510
123120
840513
810526
19820614
19810911
19801214
880826
871203
850914
850912
810510
198929
1988920
19820529
19820226
820514
820111
19840705
100100100
880312
1987714
1985620
19830227
104104
870617
850316
840228
840218
790911
790828
790215
394822850
357899
198398
198203
1231516
880128
830519
820109
810627
19900520
1989926
1988815
198817
19870131
19830729
19820317
19810924
112100
871104
840912
830627
810512
3197531975
1986715
1986516
19830407
198026
197600
919919
880916
870824
870129
860810
850619
830811
790610
19820708
19820605
19801206
927927
830325
661100
5896321
521020
2008521
19840413
19830709
19830630
198243
19810609
121100
111111222222
881209
870926
870120
830821
830203
556633
19911015
1989124
19880730
1986618
19810825
1979
870921
850415
840922
751123
751023
198667
198023
197510
097863
860812
850315
840829
840512
800913
780924
780123
5577587
198878
1986712
1985828
198448
198306
19820530
1251314
112700
860914
820313
800924
800521
800119
780910
198333
19820207
123012300
891127
881008
871204
860510
850412
830226
198919
1987225
19820225
19771977
15935746
880624
850621
850314
800515
19911028
1989929
1983112
19801217
00123456789
001001001
880518
850311
800826
761020
1986316
198295
880220
850202
840920
830513
771114
1989113
1988928
19830508
19801221
112600
771115
1987811
19820515
143143
119120
891015
860118
80808080
5566778899
198852
198832
1985922
198168
880219
870212
840521
810101
357753
19900105
1988922
198293
19820717
19820503
19791127
123456888
800628
53542306
36987412
198813
1987227
1985820
19840330
19830519
19820107
19810919
19801205
147159
860513
850913
810525
790611
790601
629629
1986518
19830414
19830408
891028
870202
830817
820511
761022
43420024420
19890407
198856
198814
198503
198244
19820727
860329
830909
780922
505505
259421
210000
1983111
198236
19820117
198119
121600
870228
850723
850325
811811
800629
1986723
198268
123456521
850421
840325
830713
830614
790814
7830019
198747
1986513
198405
19820709
19820323
870101
860524
850712
800321
790928
20090909
19901001
1988929
1986228
1986217
19830804
19830727
198297
197312
870910
840202
830418
820207
810521
760815
751018
200200200
198554
19751975
850821
830317
800625
761122
198664
1985715
19830507
1314125
891128
860821
860715
830617
830527
820403
810315
800113
198345
19830609
19791024
880315
830616
830310
800525
751215
594007
1990121
19830807
19830423
198182
19801105
9090980
871108
860618
790918
5207758
500500
325600
2323
19901008
198676
19860930
19801110
8834292
880926
880101
870128
860910
850628
850110
840629
815912
810821
790921
33221100
19911023
198579
1985113
198338
198256
19801130
16899166
0932313521
0358530
800814
790614
780927
19810912
19801019
19781023
881005
880211
830529
820806
800623
790606
751120
19921010
198998
1989127
1986821
880623
810830
810513
781004
1988915
1986515
1985101
19830319
12261226
850428
840626
830511
820208
810528
810318
790328
790326
771014
761016
751020
5566
2581314
198435
19830529
14521452
025025
891213
850728
840118
830114
790316
741015
1987320
1986226
1597534682
123132
12181218
1111100000
101200
3672334
1986218
197410
891124
891021
880923
840810
840414
830826
820809
820717
810718
800813
790123
780921
7758521110
1987518
1985929
198552
198468
123588
1233
860915
810126
258123
19801008
19791026
860825
860224
850426
820304
771113
603603
19900202
198862
1987523
198583
19791018
19781123
12241224
850711
800325
781009
761026
751227
745201314
425425
306306
198575
198232
19820807
121234
850811
830714
830613
830528
810125
800121
771130
666000
522008
321521
2582597758
198827
198474
19810520
10131013
881110
880912
850521
850510
850321
790808
761123
1987727
19830703
12312311
12125488
881207
880816
860606
860319
850121
830311
810814
751226
369888
198971
1986310
197311
132546
123456781
122334
100200100200
880224
870217
850724
850329
850224
8429989
840716
840516
829829
771019
761224
207622
1987212
198487
198127
198099
870916
800420
771103
305305
19900504
12361236
891125
860324
820729
5201314258
1986720
198544
19820119
158598
881105
860115
840822
800819
790125
5858558
1983214
860918
860108
850512
850423
840612
751024
1988721
1987215
134134
1121
850129
830719
800326
790620
19820227
19810902
19801112
840725
840112
830819
820904
584251314
52089913
1987421
19870930
888123
881204
881003
880129
870818
850324
820801
820301
810710
810124
2001
883388
880915
880725
850221
810712
1986224
19820508
19801208
19801027
19791001
123690
001218
850714
840510
830517
810523
800122
4321
1989525
1985420
19801108
1211
880115
850417
840316
810120
800728
800329
19901209
881103
881102
860620
840119
790127
761029
1985625
19781212
891027
881004
800323
777777777
1988120
1987217
1986710
19850130
19791214
15151515
1324
000005
917917
881229
791007
1988912
1987830
198705
198436
19820502
19820130
19810914
19810913
880311
870820
860225
850127
840910
830724
830227
820709
800528
751228
258520
1987216
1987213
1314520789
860628
850822
820506
810205
800921
800821
771229
21582158
201314520
19900506
19890830
1986215
005200
871006
860523
800311
790915
790616
1990521
19901006
1987526
19830424
19810801
19801201
19791015
1008610086
880920
716716
2020520
198841
19830705
880213
850617
810210
780216
741953
503503
198923
19890507
19830511
19810325
024680
012369
830109
810217
771008
198556
19820602
891120
880325
871201
860610
860415
850610
840711
820404
790219
19900601
198356
198252
19801106
830829
830102
761219
52135213
1986517
112323
101001
001213
860121
850526
830716
810714
810425
810202
800104
780228
1986527
1984116
19820224
19791212
012315
890123
88552200
880812
850322
800108
789654321
7758258521
741000
5301314
523698741
5201313
19890111
1988913
1988110
19801103
830201
820522
810316
771109
546546
233233
100101
850715
850416
850317
820409
810519
790630
780315
751126
428428
330326
19890717
19830509
198227
19810816
887910
881222
871230
852000
850713
840913
830420
830326
820630
820222
800822
7564335
700700
198744
198547
162636
159632478
13241324
1235201314
122400
121121121
871008
860625
830417
830328
780218
713713
6969
520969
520666
1987512
1986817
19830404
198263
19801229
123456777
112000
880528
880314
880206
870826
860919
850721
830314
820601
231314
1989214
1989120
1988927
198354
19830427
198229
19820507
19801202
101800
820508
810619
200611
19911026
19901203
1414114
110110110110
891212
880928
850203
850117
810213
810128
800513
761001
1988321
198646
112110
01234560
880618
870610
860511
850223
840621
556699
45612300
413026
1984920
19820519
919191
880110
850420
850116
840627
790520
780518
761215
531531
208208
1988222
19820703
19820307
132456789
881002
860624
830711
830303
810827
810121
800428
56566
1987219
1986612
19820704
123698547
891210
870924
800512
654456
1986529
1985612
198420
19820121
1025
870922
870326
830329
810722
810517
800320
790126
771231
5437241
2582582597758
19900512
198928
1987729
198386
19830704
881114
871114
850318
830426
830105
810620
790115
19921015
19913549
19900216
1987223
19840430
198403
198234
19791028
19791023
126127
051123
881111
880925
880328
850827
850626
840523
830410
820530
810328
800715
19901201
19830411
198284
19810910
134520
860929
19921026
198748
198404
1982121
19810606
1314925
12345123
061001
881119
880620
870928
860813
840116
810720
810527
780217
7539510
751001
1986810
1984117
860328
860129
840710
810215
741020
19900525
19900120
19890709
198665
1986412
1986314
19761113
891013
840320
830223
800620
751208
725725
520100
24081986
1984815
19781225
000321
848586
830522
368368
1986219
198494
198265
14725836900
1234560789
123000000
1029
870521
860421
860326
820805
790910
309309
1989819
19820221
860318
850722
790920
751210
751016
1986829
1985120
95804
952700
860518
840823
840715
840314
840102
780219
555777
521007
223456
198757
1986530
1985910
19810823
025520
850915
820701
810721
771207
594120
556655
19810601
102100
880201
871119
870126
850105
830726
810729
800930
800221
790927
751230
5221314
198066
19801102
98741236
891216
880823
820302
790518
771005
751108
741212
19900521
19900505
19900502
19870430
19850630
19820222
13030221150
1234567899876543
850808
830423
770815
761027
19911025
1986415
19830413
19830322
19820223
19810815
19801113
1213123
100200520
880106
86868686
840329
840226
840106
830411
810724
800110
731010
521100
19900508
1986812
198473
100300
970701
870823
800224
761118
723723
1988228
198776
1984925
19830403
001230
891018
871002
860416
850629
810310
761127
761121
52575257
19810808
1232345
860303
850106
810609
800523
7896541230
761129
712712
5201314587
19900204
198264
197310
131411
11281128
1000
9201314
90909090
890214
880228
1989523
1984125
14525418
102103
880927
860112
830514
830103
688688
336677
24862486
19901115
19830706
19820330
19810906
891220
840917
810303
790924
5841314921
521666
410520
1988218
198246
172839456
153246
891226
880924
880524
860203
840821
840628
830601
820402
820308
731025
199022
198915
198372
19820706
19801207
153759
000518
870315
870311
860723
850419
830827
820307
810524
780629
761216
1987630
1987515
1987218
1986325
198504
19840930
1234509876
121700
886520
880921
870915
860420
850429
840619
810616
790325
58518
19901113
1986716
198285
198207
198204
870913
860208
850113
820309
800412
780316
741085209630
321789
198933
197212
891121
891022
870220
860622
840326
820609
800613
800416
790211
1987410
1987226
1985720
198465
19791021
19731973
14159265
998899
880203
860720
850725
840616
840121
79045678
1989110
198759
1986225
1986221
159753456852
891029
830306
810716
44332211
321678
19900206
198892
198869
197900
1976
1596357
135795
901028
880714
78907890
780520
751122
19900302
1987723
1977
880421
852654
850119
830814
830207
741128
1987316
1985919
884813
880922
880715
860721
850425
830908
830106
780318
5201314886
1990525
19901211
19900510
198475
198385
19810930
126126126
880910
860712
860711
627627
419419
198489
198483
870425
860917
850327
840412
830718
800630
800415
771110
761221
761012
19911020
1987810
1987411
1986623
1986615
19830604
147789
850622
830606
800712
780613
780312
1988315
1986713
198344
197979
19781024
1252029
121900
988988
8520
830728
810110
800524
543216
221314
19911012
1988523
19820930
124356
11021102
891218
880516
880310
830720
820902
820807
771107
19900205
1986819
198469
131452020
11011101
01478520
891215
880204
871207
870920
860613
860226
840811
840203
810324
761223
555333
19900815
198924
1984929
19810818
19801114
145623
888333
860817
850824
840206
810329
521111
520911
1987412
1986626
198548
198332
19820112
19801209
19801107
19791025
197412
870110
840130
830330
810606
810516
55558888
2925138
198704
1985912
198476
1984112
19801109
881231
880316
1983128
149162536
123123123123123
891230
880412
870821
840618
58451201314
520214
26511314
19901202
1987527
1987102
1985521
19801117
963123
951753123
887766
860317
780405
521521521521
402402
19911021
19901118
19900102
1989823
198854
11223366
10161016
860202
840718
840528
830204
666123
198925
1985321
198393
19810623
870512
860102
850108
810420
780211
200311
1986418
198537
19820114
123456789456
1224
830723
790312
7374520
19911022
19901222
1986729
198493
198151
880628
871111
870324
860515
840712
800310
19900514
1984822
19820604
198124
101011
850819
840321
800322
790913
780314
770101
488588
20342034
198900
1988924
1986105
1985823
19810826
891130
871209
870727
850909
780911
1989315
19820522
1593572486
111520
850328
820504
800624
784512963
741026
7408695
563214789
1988916
1987726
1987712
1987511
1986103
870814
860819
860621
850205
840424
830209
820407
810817
810416
810225
780812
633633
5215210
1991
19900201
19890430
198753
1987418
198272
198262
19801005
19781022
19781020
12332
12321
880102
870914
800725
770918
19901114
198392
16896866
870523
850813
830630
830428
820608
810204
800622
800324
775825
3136266
1984926
198365
19801222
875201314
850611
850523
840229
790617
770926
614614
19901208
1989714
198951
198303
198258
19820514
123456789321
930930
870112
817817
810522
800510
790810
205205
19901102
885210
870816
870520
870325
777666
741024
714714
320321
199016
198836
1986421
880810
860204
860114
840909
800227
790124
789521
780213
555123
19921225
199199
1986624
1986212
820708
800529
771202
761220
19801227
115200
880622
880116
840225
830729
830111
830108
810719
810203
800817
790120
780808
1987211
880326
860728
860418
840114
810529
761021
19901110
1985924
19810828
001128
880223
870225
860417
860411
840526
810906
800425
800201
790521
790228
780826
780618
19910101
1988522
198166
19791226
147258963
1111111112
10111011
880428
860425
860313
840517
1987221
1986416
1986311
198238
19791016
130123
1236987456
110108
860117
810224
800318
800130
780615
780612
508508
2008123456
1986724
19820630
198109
19791103
197400
871101
860119
850528
789632
780823
520518
1987426
19820313
870510
860829
830808
800114
668800
198927
1988714
198738
1987103
1986326
198081
19781001
1973
005201314
8507
850411
20462046
19911016
19901002
1986511
135531
1234578
001212
888222
870227
850118
771101
751106
19901111
1989818
198931
1988622
1984928
198478
880612
860519
840223
820603
771104
2575152
19900306
19900124
1988914
1986223
198543
1984828
19791125
16856789
12201220
121312
111118
891019
880513
860827
810220
800429
790605
780202
751213
1987713
198376
198061
19790118
12451245
101500
880122
800615
800106
780626
741018
198848
1987711
1986227
880420
870827
840415
840221
801031
20060606
1989825
1974
1357908642
11261126
880911
870522
870121
860522
761205
74108520963
1990112
198872
1986410
1985722
19791123
102200
880105
871229
870721
850524
850103
840726
52010000
369789
198773
19781016
13145921
120130
0123698745
871202
860221
830515
800516
790212
7878778
780914
525200
19900529
19890222
1986722
1986616
198438
880205
830222
810323
810211
751012
741111
1985816
198545
198025
030609
800823
780816
5656556
19911018
198802
198573
198457
198279
198101
0987654
830429
800721
615243
52415241
52113143344
313233
19801104
162752
901128
891001
860714
850829
850716
840311
830825
830710
790321
780909
520321
1989711
1986313
19801002
197300
1234567898
1125
106923
850814
850410
840919
790827
781007
780523
780208
7758758
446688
19901119
1988919
1987720
198749
1986620
1985812
1984115
19810915
19810621
19791210
12369
889889
880088
860529
840117
810320
780303
780212
751021
1988618
1223
880813
870115
850614
840620
840518
840327
822822
810226
800117
790627
19900210
1988715
1986108
19741974
122300
881107
880913
880610
860306
850615
810314
574839
326598
19971997
1990520
19900128
1987220
19870331
1985222
19810917
880716
880512
871107
860611
860201
780528
753951123
676869
308308
19921025
1988518
1987725
1986726
197777
15975346
1124
880529
871003
870516
850616
850516
840519
800724
790213
1986318
1985525
880702
850729
850518
840511
800726
800611
800526
790811
790715
780920
780913
7755188
292513
1986324
196911
880523
878346
860327
840227
820804
780210
19911013
1988910
1982111
19781215
19781012
123125
880712
870310
860526
810221
800909
771002
751111
19911014
19900515
1987425
19810809
19791029
168169
880525
830324
780712
575859
19900523
1989211
1987517
1985714
198289
19801101
19781228
13579246
100866
870412
870321
850522
790801
790318
770923
521721
19900106
19810203
1231230123
850720
850606
830421
810614
751105
456852753951
199212
19900301
198479
19781210
880103
870320
761211
197988
19781128
10141014
880118
850303
800801
800202
761030
200412
19981998
1988420
1987415
1987325
1987310
19860430
840721
790922
720521
48624862
19911011
1989615
1988528
1988312
1987329
1985824
860422
810411
800908
800716
741226
741225
741218
19900820
1989821
1989820
198801
198743
1987323
19870831
19810905
885200
870415
790528
1988620
1987722
1985818
1983929
19810811
1313113
122000
880416
870810
870203
870114
840529
8175125
790830
780824
731028
19921212
19901105
1987416
1986728
1986522
1986319
1985723
19810725
19810620
101100
991122
891224
891014
881104
870606
861031
850511
810515
800105
790917
6868668
19901204
1987715
1987414
198441
198369
198257
19810626
19810202
19791218
19791126
19791121
19781018
000777
880225
860722
790603
751219
444444444
19921022
19900507
1989923
198874
198273
19781120
10191019
9958521
860808
860716
850302
840814
840201
800303
790210
780512
19921024
198829
1987724
19840630
19801006
100800
880329
870518
860428
850319
830427
800413
520125
424242
19860730
1984126
1982918
121211
880625
880621
860615
36363636
200606
19921028
1988210
197888
134567
901125
840303
820604
800208
770518
761108
751206
58545256
432100
199112
1988216
1986411
1975
123456258
88123456
870927
860528
850418
780820
780623
780510
761214
541880
1989920
1988725
1988720
1987717
1985110
19791225
12331233
11301130
870929
830301
800914
751115
741120
616263
19911027
19900528
1988512
1983126
198248
198235
124816
007829
891122
880423
860106
840713
830413
810423
721127
32323232
19921020
19901103
1988824
198842
1984118
19801204
145145
1133557799
112900
880208
840720
800327
790817
780124
751124
52611314
521131421
19901206
1985827
198247
19810824
19810315
19781025
1230123456
882200
880514
880505
850313
830107
800619
780118
7758522
20080512
19900314
1989518
1982119
1234567891011
891017
870717
870713
840313
830901
830422
810118
800827
771222
770315
2468
223322
19911019
198775
1987524
1987422
1986211
198196
11271127
870316
820705
810319
800517
790327
520584
233391
198538
131452011
11291129
001020
860726
860713
840205
810418
751216
701120
200312
1989912
1987417
1984110
19810820
19791013
19781122
1818
12081208
12021202
880221
840728
840113
810421
780122
52335233
422422
19901205
19900801
1989222
1988616
198720
19801004
197210
880321
860902
810617
810327
800426
800410
790428
556644
19901117
19901005
19900326
19900208
1987423
1986519
19810628
19810310
197981
102030102030
880814
840813
840610
810127
790513
790416
369000
1989919
1985713
1985416
123456789101112
1119
860322
840420
820706
810601
790914
790412
19911212
1986327
19791129
13579000
880226
860222
840723
840108
830327
810907
810717
790714
780625
771003
19900921
19900527
1989215
1982828
19801119
19781015
13145211314521
001125
871109
840224
810412
751220
19991220
1990128
198969
1987529
1986827
198497
19810618
19810201
125300
001028
871130
870813
870811
860724
840914
800313
761013
19900320
1985624
1982128
19810612
0000011111
880511
870918
860517
850227
790203
761201
721212
2020240
1986613
19800214
10271027
880119
860514
860205
840525
830305
800418
780415
261314
19801030
197111
1314888
0000123
860105
820703
790901
790829
198991
198806
1985426
198437
197011
860301
800610
20042008
1988526
1985813
198287
198276
19810903
100600
870529
870513
840614
810119
800621
800522
19900125
19900115
198779
1987413
19791120
1011
890127
888889
880929
870817
830701
810223
790220
780611
771006
555111
251325
198845
1986220
198467
19801007
19791019
142597758
880827
871004
840204
840103
820803
810206
790202
200711
19900518
19900110
1988215
1988213
1984918
922922
860719
800917
517518
19911124
1990125
19900228
1989918
1988819
1988318
1985913
198336
1001001
860207
800314
771004
770216
198774
1231500
1123456789
890213
880629
871231
840615
760909
741125
19911125
1987327
1984128
19801003
123123520
121618
112131
040404
880526
860710
840524
810505
790608
780115
528888
1989927
1989822
19890727
1987419
1987326
16897188
12332111
